5 1 1 0 0 0
25 1 0 0 0 0 1 0 1 0 0 0 0 0 0 1 0 1 1 0 0 0 1 0 1 0
25 2.0 -1.0 -1.0 -1.0 -1.0 3.0358071 -1.0 1.005926 0.46386775 0.23816329 -1.0 0.124281086 -1.0 0.47994298 2.817563 -1.0 0.94585943 2.6263208 -1.0 0.09201018 -1.0 3.0067449 0.41978186 0.7602935 -1.0
14 0 0 1 1 1 1 2 3 3 3 3 4 4 4
14 0 0 0 0 2 2 4 1 1 2 2 1 1 3
14 0 1 0 1 1 3 2 3 4 1 3 3 4 4
14 0.0 0.0 0.0 0.0 0.0 0.0 0.0 0.0 0.0 0.0 0.0 0.0 0.0 0.0
12 0 1 1 2 2 3 3 3 4 4 4 4
12 0 0 2 4 4 1 1 2 1 1 3 3
12 0 0 4 1 3 0 2 4 0 2 1 2
12 0.0 0.0 0.0 0.0 0.0 0.0 0.0 0.0 0.0 0.0 0.0 0.0
20 0 0 1 1 1 1 2 2 3 3 3 3 3 3 4 4 4 4 4 4
20 0 0 0 0 2 2 4 4 1 1 1 1 2 2 1 1 1 1 3 3
20 0 1 0 1 1 3 2 2 3 3 4 4 1 3 3 3 4 4 4 4
20 0 0 0 0 4 4 1 3 0 2 0 2 4 4 0 2 0 2 1 2
20 0.0 0.0 0.0 0.0 0.0 0.0 0.0 0.0 0.0 0.0 0.0 0.0 0.0 0.0 0.0 0.0 0.0 0.0 0.0 0.0
